10.740
-22.000
28.000
-8.000
-1.000
1.000
7.000
5.000
4.000
-1.000
0.000
0.000
0.000
1.000
3.000
1.000
1.000
1.000
1.000
-1.000
-1.000
1.000
0.000
0.000
-1.000
1.000
2.000
0.000
-1.000
-1.000
-1.000
1.000
2.000
-2.000
-3.000
-1.000
0.000
1.000
3.000
0.000
0.000
1.000
-1.000
-1.000
1.000
1.000
3.000
3.000
-2.000
-1.000
0.000
-1.000
1.000
2.000
-1.000
1.000
2.000
0.000
0.000
-1.000
-1.000
-1.000
0.000
-1.000
-1.000
-1.000
-2.000
-1.000
1.000
-1.000
-1.000
0.000
-1.000
1.000
1.000
1.000
3.000
3.000
0.000
-1.000
-1.000
0.000
0.000
1.000
0.000
-1.000
-1.000
1.000
1.000
-1.000
0.000
1.000
-1.000
-1.000
-1.000
-1.000
0.000
1.000
-2.000
-1.000
-1.000
0.000
1.000
1.000
1.000
0.000
-3.000
-1.000
0.000
1.000
1.000
2.000
-3.000
-1.000
-1.000
0.000
1.000
2.000
1.000
1.000
-2.000
-1.000
-1.000
-1.000
-1.000
-2.000
-1.000
0.000
0.000
1.000
2.000
-1.000
0.000
1.000
0.000
0.000
-1.000
-2.000
-1.000
-3.000
-1.000
1.000
1.000
1.000
2.000
2.000
1.000
1.000
-2.000
-1.000
1.000
1.000
-1.000
1.000
0.000
1.000
0.000
1.000
0.000
1.000
1.000
0.000
0.000
1.000
1.000
-1.000
0.000
1.000
0.000
-1.000
1.000
1.000
0.000
0.000
0.000
1.000
1.000
0.000
-1.000
0.000
1.000
1.000
1.000
2.000
1.000
1.000
0.000
1.000
0.000
1.000
0.000
1.000
2.000
1.000
0.000
1.000
1.000
0.000
1.000
1.000
1.000
1.000
1.000
-3.000
-2.000
-1.000
1.000
3.000
-1.000
-1.000
-2.000
-1.000
1.000
1.000
1.000
2.000
0.000
0.000
1.000
1.000
1.000
1.000
-1.000
1.000
0.000
0.000
0.000
0.000
1.000
-1.000
1.000
0.000
1.000
2.000
1.000
0.000
-1.000
0.000
0.000
-1.000
1.000
0.000
1.000
-1.000
1.000
2.000
1.000
-1.000
0.000
0.000
-1.000
0.000
1.000
0.000
0.000
-1.000
1.000
1.000
-1.000
1.000
1.000
0.000
1.000
-1.000
-1.000
-1.000
-1.000
-2.000
-1.000
1.000
1.000
0.000
1.000
0.000
-1.000
-3.000
-1.000
1.000
1.000
1.000
0.000
0.000
0.000
0.000
0.000
-1.000
0.000
1.000
0.000
1.000
0.000
-1.000
0.000
-1.000
-1.000
1.000
0.000
0.000
1.000
-1.000
1.000
0.000
-1.000
1.000
-1.000
-3.000
-1.000
0.000
-1.000
-2.000
-1.000
-1.000
1.000
0.000
1.000
0.000
1.000
1.000
-1.000
1.000
-1.000
-1.000
-1.000
0.000
1.000
1.000
0.000
0.000
0.000
-1.000
-1.000
-1.000
1.000
3.000
0.000
1.000
1.000
-1.000
1.000
0.000
-1.000
1.000
-1.000
1.000
-1.000
0.000
-1.000
-65.000
