125.000
103.000
131.000
123.000
122.000
123.000
130.000
135.000
139.000
138.000
138.000
138.000
138.000
139.000
142.000
143.000
144.000
145.000
146.000
145.000
144.000
145.000
145.000
145.000
144.000
145.000
147.000
147.000
146.000
145.000
144.000
145.000
147.000
145.000
142.000
141.000
141.000
142.000
145.000
145.000
145.000
146.000
145.000
144.000
145.000
146.000
149.000
152.000
150.000
149.000
149.000
148.000
149.000
151.000
150.000
151.000
153.000
153.000
153.000
152.000
151.000
150.000
150.000
149.000
148.000
147.000
145.000
144.000
145.000
144.000
143.000
143.000
142.000
143.000
144.000
145.000
148.000
151.000
151.000
150.000
149.000
149.000
149.000
150.000
150.000
149.000
148.000
149.000
150.000
149.000
149.000
150.000
149.000
148.000
147.000
146.000
146.000
147.000
145.000
144.000
143.000
143.000
144.000
145.000
146.000
146.000
143.000
142.000
142.000
143.000
144.000
146.000
143.000
142.000
141.000
141.000
142.000
144.000
145.000
146.000
144.000
143.000
142.000
141.000
140.000
138.000
137.000
137.000
137.000
138.000
140.000
139.000
139.000
140.000
140.000
140.000
139.000
137.000
136.000
133.000
132.000
133.000
134.000
135.000
137.000
139.000
140.000
141.000
139.000
138.000
139.000
140.000
139.000
140.000
140.000
141.000
141.000
142.000
142.000
143.000
144.000
144.000
144.000
145.000
146.000
145.000
145.000
146.000
146.000
145.000
146.000
147.000
147.000
147.000
147.000
148.000
149.000
149.000
148.000
148.000
149.000
150.000
151.000
153.000
154.000
155.000
155.000
156.000
156.000
157.000
157.000
158.000
160.000
161.000
161.000
162.000
163.000
163.000
164.000
165.000
166.000
167.000
168.000
165.000
163.000
162.000
163.000
166.000
165.000
164.000
162.000
161.000
162.000
163.000
164.000
166.000
166.000
166.000
167.000
168.000
169.000
170.000
169.000
170.000
170.000
170.000
170.000
170.000
171.000
170.000
171.000
171.000
172.000
174.000
175.000
175.000
174.000
174.000
174.000
173.000
174.000
174.000
175.000
174.000
175.000
177.000
178.000
177.000
177.000
177.000
176.000
176.000
177.000
177.000
177.000
176.000
177.000
178.000
177.000
178.000
179.000
179.000
180.000
179.000
178.000
177.000
176.000
174.000
173.000
174.000
175.000
175.000
176.000
176.000
175.000
172.000
171.000
172.000
173.000
174.000
174.000
174.000
174.000
174.000
174.000
173.000
173.000
174.000
174.000
175.000
175.000
174.000
174.000
173.000
172.000
173.000
173.000
173.000
174.000
173.000
174.000
174.000
173.000
174.000
173.000
170.000
169.000
169.000
168.000
166.000
165.000
164.000
165.000
165.000
166.000
166.000
167.000
168.000
167.000
168.000
167.000
166.000
165.000
165.000
166.000
167.000
167.000
167.000
167.000
166.000
165.000
164.000
165.000
168.000
168.000
169.000
170.000
169.000
170.000
170.000
169.000
170.000
169.000
170.000
169.000
169.000
168.000
103.000
